Que 39 : Write C program to given pattern.
--------

1  1  1  1  1
2  2  2  2  2
3  3  3  3  3 
4  4  4  4  4
5  5  5  5  5

==========================================================================================

Que 40 : Write C program to given pattern.
--------

5  4  3  2  1
5  4  3  2  1
5  4  3  2  1
5  4  3  2  1
5  4  3  2  1


==========================================================================================

Que 41 : Write C program to given pattern.
--------

1   2   3   4   5
6   7   8   9   10
11  12  13  14  15
16  17  18  19  20
21  22  23  24  25

==========================================================================================

Que 42 : Write C program to given pattern.
--------

1  2  3  4  5
2  3  4  5  6
3  4  5  6  7
4  5  6  7  8
5  6  7  8  9


==========================================================================================

Que 43 : Write C program to given pattern.
--------

1   2   3   4   5  
2   4   6   8   10
3   6   9   12  15
4   8   12  16  20


==========================================================================================

Que 44 : Write C program to given pattern.
--------

1  1  1  2  1  3
2  1  2  2  2  3
3  1  3  2  3  4 
4  1  4  2  4  3

